260816
260815
260814
260813
260812
260811
260810
260809
260808
260807
260806
260805
260804
260803
260802
260801
260731
260730
260729
260728
260727
260726
260725
260724
260723
260722
260721
260720
260719
260718
260717
260716
260715
260714
260713
260712
260711
260710
260709
260708
260707
260706
260705
260704
260703
260702
260701
260630
260629
260628
260627
260626
260625
260624
260623
260622
260621
260620
260619
260618
260617
260616
260615
260614
260613
260612
260611
260610
260609
260608
260607
260606
260605
260604
260603
260602
260601
260531
260530
260529
260528
260527
260526
260525
260524
260523
260522
260521
260520
260519
260518
260517
260516
260515
260514
260513
260512
260511
260510
260509
260508
260507
260506
260505
260504
260503
260502
260501
260430
260429
260428
260427
260426
260425
260424
260423
260422
260421
260420
260419
260418
260417
260416
260415
260414
260413
260412
260411
260410
260409
260408
260407
260406
260405
260404
260403
260402
260401
260331
260330
260329
260328
260327
260326
260325
260324
260323
260322
260321
260320
260319
260318
260317
260316
260315
260314
260313
260312
260311
260310
260309
260308
260307
260306
260305
260304
260303
260302
260301
260228
260227
260226
260225
260224
260223
260222
260221
260220
260219
260218
260217
260216
260215
260214
260213
260212
260211
260210
260209
260208
260207
260206
260205
260204
260203
260202
260201
260131
260130
260129
260128
260127
260126
260125
260124
260123
260122
260121
260120
260119
260118
260117
260116
260115
260114
260113
260112
260111
260110
260109
260108
260107
260106
260105
260104
260103
260102
260101
