251231
251230
251229
251228
251227
251226
251225
251224
251223
251222
251221
251220
251219
251218
251217
251216
251215
251214
251213
251212
251211
251210
251209
251208
251207
251206
251205
251204
251203
251202
251201
251130
251129
251128
251127
251126
251125
251124
251123
251122
251121
251120
251119
251118
251117
251116
251115
251114
251113
251112
251111
251110
251109
251108
251107
251106
251105
251104
251103
251102
251101
251031
251030
251029
251028
251027
251026
251025
251024
251023
251022
251021
251020
251019
251018
251017
251016
251015
251014
251013
251012
251011
251010
251009
251008
251007
251006
251005
251004
251003
251002
251001
250930
250929
250928
250927
250926
250925
250924
250923
250922
250921
250920
250919
250918
250917
250916
250915
250914
250913
250912
250911
250910
250909
250908
250907
250906
250905
250904
250903
250902
250901
250831
250830
250829
250828
250827
250826
250825
250824
250823
250822
250821
250820
250819
250818
250817
250816
250815
250814
250813
250812
250811
250810
250809
250808
250807
250806
250805
250804
250803
250802
250801
250731
250730
250729
250728
250727
250726
250725
250724
250723
250722
250721
250720
250719
250718
250717
250716
250715
250714
250713
250712
250711
250710
250709
250708
250707
250706
250705
250704
250703
250702
250701
250630
250629
250628
250627
250626
250625
250624
250623
250622
250621
250620
250619
250618
250617
250616
250615
250614
250613
250612
250611
250610
250609
250608
250607
250606
250605
250604
250603
250602
250601
250531
250530
250529
250528
250527
250526
250525
250524
250523
250522
250521
250520
250519
250518
250517
250516
250515
250514
250513
250512
250511
250510
250509
250508
250507
250506
250505
250504
250503
250502
250501
250430
250429
250428
250427
250426
250425
250424
250423
250422
250421
250420
250419
250418
250417
250416
250415
250414
250413
250412
250411
250410
250409
250408
250407
250406
250405
250404
250403
250402
250401
250331
250330
250329
250328
250327
250326
250325
250324
250323
250322
250321
250320
250319
250318
250317
250316
250315
250314
250313
250312
250311
250310
250309
250308
250307
250306
250305
250304
250303
250302
250301
250228
250227
250226
250225
250224
250223
250222
250221
250220
250219
250218
250217
250216
250215
250214
250213
250212
250211
250210
250209
250208
250207
250206
250205
250204
250203
250202
250201
250131
250130
250129
250128
250127
250126
250125
250124
250123
250122
250121
250120
250119
250118
250117
250116
250115
250114
250113
250112
250111
250110
250109
250108
250107
250106
250105
250104
250103
250102
250101
