241115
241114
241113
241112
241111
241110
241109
241108
241107
241106
241105
241104
241103
241102
241101
241031
241030
241029
241028
241027
241026
241025
241024
241023
241022
241021
241020
241019
241018
241017
241016
241015
241014
241013
241012
241011
241010
241009
241008
241007
241006
241005
241004
241003
241002
241001
240930
240929
240928
240927
240926
240925
240924
240923
240922
240921
240920
240919
240918
240917
240916
240915
240914
240913
240912
240911
240910
240909
240908
240907
240906
240905
240904
240903
240902
240901
240831
240830
240829
240828
240827
240826
240825
240824
240823
240822
240821
240820
240819
240818
240817
240816
240815
240814
240813
240812
240811
240810
240809
240808
240807
240806
240805
240804
240803
240802
240801
240731
240730
240729
240728
240727
240726
240725
240724
240723
240722
240721
240720
240719
240718
240717
240716
240715
240714
240713
240712
240711
240710
240709
240708
240707
240706
240705
240704
240703
240702
240701
240630
240629
240628
240627
240626
240625
240624
240623
240622
240621
240620
240619
240618
240617
240616
240615
240614
240613
240612
240611
240610
240609
240608
240607
240606
240605
240604
240603
240602
240601
240531
240530
240529
240528
240527
240526
240525
240524
240523
240522
240521
240520
240519
240518
240517
240516
240515
240514
240513
240512
240511
240510
240509
240508
240507
240506
240505
240504
240503
240502
240501
240430
240429
240428
240427
240426
240425
240424
240423
240422
240421
240420
240419
240418
240417
240416
240415
240414
240413
240412
240411
240410
240409
240408
240407
240406
240405
240404
240403
240402
240401
240331
240330
240329
240328
240327
240326
240325
240324
240323
240322
240321
240320
240319
240318
240317
240316
240315
240314
240313
240312
240311
240310
240309
240308
240307
240306
240305
240304
240303
240302
240301
240229
240228
240227
240226
240225
240224
240223
240222
240221
240220
240219
240218
240217
240216
240215
240214
240213
240212
240211
240210
240209
240208
240207
240206
240205
240204
240203
240202
240201
240131
240130
240129
240128
240127
240126
240125
240124
240123
240122
240121
240120
240119
240118
240117
240116
240115
240114
240113
240112
240111
240110
240109
240108
240107
240106
240105
240104
240103
240102
240101
