231231
231230
231229
231228
231227
231226
231225
231224
231223
231222
231221
231220
231219
231218
231217
231216
231215
231214
231213
231212
231211
231210
231209
231208
231207
231206
231205
231204
231203
231202
231201
231130
231129
231128
231127
231126
231125
231124
231123
231122
231121
231120
231119
231118
231117
231116
231115
231114
231113
231112
231111
231110
231109
231108
231107
231106
231105
231104
231103
231102
231101
231031
231030
231029
231028
231027
231026
231025
231024
231023
231022
231021
231020
231019
231018
231017
231016
231015
231014
231013
231012
231011
231010
231009
231008
231007
231006
231005
231004
231003
231002
231001
230930
230929
230928
230927
230926
230925
230924
230923
230922
230921
230920
230919
230918
230917
230916
230915
230914
230913
230912
230911
230910
230909
230908
230907
230906
230905
230904
230903
230902
230901
230831
230830
230829
230828
230827
230826
230825
230824
230823
230822
230821
230820
230819
230818
230817
230816
230815
230814
230813
230812
230811
230810
230809
230808
230807
230806
230805
230804
230803
230802
230801
230731
230730
230729
230728
230727
230726
230725
230724
230723
230722
230721
230720
230719
230718
230717
230716
230715
230714
230713
230712
230711
230710
230709
230708
230707
230706
230705
230704
230703
230702
230701
230630
230629
230628
230627
230626
230625
230624
230623
230622
230621
230620
230619
230618
230617
230616
230615
230614
230613
230612
230611
230610
230609
230608
230607
230606
230605
230604
230603
230602
230601
230531
230530
230529
230528
230527
230526
230525
230524
230523
230522
230521
230520
230519
230518
230517
230516
230515
230514
230513
230512
230511
230510
230509
230508
230507
230506
230505
230504
230503
230502
230501
230430
230429
230428
230427
230426
230425
230424
230423
230422
230421
230420
230419
230418
230417
230416
230415
230414
230413
230412
230411
230410
230409
230408
230407
230406
230405
230404
230403
230402
230401
230331
230330
230329
230328
230327
230326
230325
230324
230323
230322
230321
230320
230319
230318
230317
230316
230315
230314
230313
230312
230311
230310
230309
230308
230307
230306
230305
230304
230303
230302
230301
230228
230227
230226
230225
230224
230223
230222
230221
230220
230219
230218
230217
230216
230215
230214
230213
230212
230211
230210
230209
230208
230207
230206
230205
230204
230203
230202
230201
230131
230130
230129
230128
230127
230126
230125
230124
230123
230122
230121
230120
230119
230118
230117
230116
230115
230114
230113
230112
230111
230110
230109
230108
230107
230106
230105
230104
230103
230102
230101
